276 56 1
0 1 0 1 0 0 0 0 0 0 0 1 0 0 0 0 0 0 239 486 0 0 0 0 0 1 0 0 0 0 0 0 0 0 0 0 8 8 0.00 0.00 0.00 0.00 1.00 0.00 0.00 19 19 1.00 0.00 0.05 0.00 0.00 0.00 0.00 0.00 0.1
1
0 1 0 1 0 0 0 0 0 0 0 1 0 0 0 0 0 0 235 1337 0 0 0 0 0 1 0 0 0 0 0 0 0 0 0 0 8 8 0.00 0.00 0.00 0.00 1.00 0.00 0.00 29 29 1.00 0.00 0.03 0.00 0.00 0.00 0.00 0.00 0.1
1
0 1 0 1 0 0 0 0 0 0 0 1 0 0 0 0 0 0 219 1337 0 0 0 0 0 1 0 0 0 0 0 0 0 0 0 0 6 6 0.00 0.00 0.00 0.00 1.00 0.00 0.00 39 39 1.00 0.00 0.03 0.00 0.00 0.00 0.00 0.00 0.1
1
0 1 0 1 0 0 0 0 0 0 0 1 0 0 0 0 0 0 217 2032 0 0 0 0 0 1 0 0 0 0 0 0 0 0 0 0 6 6 0.00 0.00 0.00 0.00 1.00 0.00 0.00 49 49 1.00 0.00 0.02 0.00 0.00 0.00 0.00 0.00 0.1
1
0 1 0 1 0 0 0 0 0 0 0 1 0 0 0 0 0 0 217 2032 0 0 0 0 0 1 0 0 0 0 0 0 0 0 0 0 6 6 0.00 0.00 0.00 0.00 1.00 0.00 0.00 59 59 1.00 0.00 0.02 0.00 0.00 0.00 0.00 0.00 0.1
1
0 1 0 1 0 0 0 0 0 0 0 1 0 0 0 0 0 0 212 1940 0 0 0 0 0 1 0 0 0 0 0 0 0 0 0 0 1 2 0.00 0.00 0.00 0.00 1.00 0.00 1.00 1 69 1.00 0.00 1.00 0.04 0.00 0.00 0.00 0.00 0.1
1
0 1 0 1 0 0 0 0 0 0 0 1 0 0 0 0 0 0 159 4087 0 0 0 0 0 1 0 0 0 0 0 0 0 0 0 0 5 5 0.00 0.00 0.00 0.00 1.00 0.00 0.00 11 79 1.00 0.00 0.09 0.04 0.00 0.00 0.00 0.00 0.1
1
0 1 0 1 0 0 0 0 0 0 0 1 0 0 0 0 0 0 210 151 0 0 0 0 0 1 0 0 0 0 0 0 0 0 0 0 8 8 0.00 0.00 0.00 0.00 1.00 0.00 0.00 8 89 1.00 0.00 0.12 0.04 0.00 0.00 0.00 0.00 0.1
1
0 1 0 1 0 0 0 0 0 0 0 1 0 0 0 0 0 0 212 786 0 0 0 1 0 1 0 0 0 0 0 0 0 0 0 0 8 8 0.00 0.00 0.00 0.00 1.00 0.00 0.00 8 99 1.00 0.00 0.12 0.05 0.00 0.00 0.00 0.00 0.1
1
0 1 0 1 0 0 0 0 0 0 0 1 0 0 0 0 0 0 210 624 0 0 0 0 0 1 0 0 0 0 0 0 0 0 0 0 18 18 0.00 0.00 0.00 0.00 1.00 0.00 0.00 18 109 1.00 0.00 0.06 0.05 0.00 0.00 0.00 0.00 0.1
1
0 1 0 1 0 0 0 0 0 0 0 1 0 0 0 0 0 0 177 1985 0 0 0 0 0 1 0 0 0 0 0 0 0 0 0 0 1 1 0.00 0.00 0.00 0.00 1.00 0.00 0.00 28 119 1.00 0.00 0.04 0.04 0.00 0.00 0.00 0.00 0.1
1
0 1 0 1 0 0 0 0 0 0 0 1 0 0 0 0 0 0 222 773 0 0 0 0 0 1 0 0 0 0 0 0 0 0 0 0 11 11 0.00 0.00 0.00 0.00 1.00 0.00 0.00 38 129 1.00 0.00 0.03 0.04 0.00 0.00 0.00 0.00 0.1
1
0 1 0 1 0 0 0 0 0 0 0 1 0 0 0 0 0 0 256 1169 0 0 0 0 0 1 0 0 0 0 0 0 0 0 0 0 4 4 0.00 0.00 0.00 0.00 1.00 0.00 0.00 4 139 1.00 0.00 0.25 0.04 0.00 0.00 0.00 0.00 0.1
1
0 1 0 1 0 0 0 0 0 0 0 1 0 0 0 0 0 0 241 259 0 0 0 0 0 1 0 0 0 0 0 0 0 0 0 0 1 1 0.00 0.00 0.00 0.00 1.00 0.00 0.00 14 149 1.00 0.00 0.07 0.04 0.00 0.00 0.00 0.00 0.1
1
0 1 0 1 0 0 0 0 0 0 0 1 0 0 0 0 0 0 260 1837 0 0 0 0 0 1 0 0 0 0 0 0 0 0 0 0 11 11 0.00 0.00 0.00 0.00 1.00 0.00 0.00 24 159 1.00 0.00 0.04 0.04 0.00 0.00 0.00 0.00 0.1
1
0 1 0 1 0 0 0 0 0 0 0 1 0 0 0 0 0 0 241 261 0 0 0 0 0 1 0 0 0 0 0 0 0 0 0 0 2 2 0.00 0.00 0.00 0.00 1.00 0.00 0.00 34 169 1.00 0.00 0.03 0.04 0.00 0.00 0.00 0.00 0.1
1
0 1 0 1 0 0 0 0 0 0 0 1 0 0 0 0 0 0 257 818 0 0 0 0 0 1 0 0 0 0 0 0 0 0 0 0 12 12 0.00 0.00 0.00 0.00 1.00 0.00 0.00 44 179 1.00 0.00 0.02 0.03 0.00 0.00 0.00 0.00 0.1
1
0 1 0 1 0 0 0 0 0 0 0 1 0 0 0 0 0 0 233 255 0 0 0 0 0 1 0 0 0 0 0 0 0 0 0 0 2 8 0.00 0.00 0.00 0.00 1.00 0.00 0.25 54 189 1.00 0.00 0.02 0.03 0.00 0.00 0.00 0.00 0.1
1
0 1 0 1 0 0 0 0 0 0 0 1 0 0 0 0 0 0 233 504 0 0 0 0 0 1 0 0 0 0 0 0 0 0 0 0 7 7 0.00 0.00 0.00 0.00 1.00 0.00 0.00 64 199 1.00 0.00 0.02 0.03 0.00 0.00 0.00 0.00 0.1
1
0 1 0 1 0 0 0 0 0 0 0 1 0 0 0 0 0 0 256 1273 0 0 0 0 0 1 0 0 0 0 0 0 0 0 0 0 17 17 0.00 0.00 0.00 0.00 1.00 0.00 0.00 74 209 1.00 0.00 0.01 0.03 0.00 0.00 0.00 0.00 0.1
1
0 1 0 1 0 0 0 0 0 0 0 1 0 0 0 0 0 0 234 255 0 0 0 0 0 1 0 0 0 0 0 0 0 0 0 0 5 5 0.00 0.00 0.00 0.00 1.00 0.00 0.00 84 219 1.00 0.00 0.01 0.03 0.00 0.00 0.00 0.00 0.1
1
0 1 0 1 0 0 0 0 0 0 0 1 0 0 0 0 0 0 241 259 0 0 0 0 0 1 0 0 0 0 0 0 0 0 0 0 12 12 0.00 0.00 0.00 0.00 1.00 0.00 0.00 94 229 1.00 0.00 0.01 0.03 0.00 0.00 0.00 0.00 0.1
1
0 1 0 1 0 0 0 0 0 0 0 1 0 0 0 0 0 0 239 968 0 0 0 0 0 1 0 0 0 0 0 0 0 0 0 0 3 3 0.00 0.00 0.00 0.00 1.00 0.00 0.00 3 239 1.00 0.00 0.33 0.03 0.00 0.00 0.00 0.00 0.1
1
0 1 0 1 0 0 0 0 0 0 0 1 0 0 0 0 0 0 245 1919 0 0 0 0 0 1 0 0 0 0 0 0 0 0 0 0 13 13 0.00 0.00 0.00 0.00 1.00 0.00 0.00 13 249 1.00 0.00 0.08 0.03 0.00 0.00 0.00 0.00 0.1
1
0 1 0 1 0 0 0 0 0 0 0 1 0 0 0 0 0 0 248 2129 0 0 0 0 0 1 0 0 0 0 0 0 0 0 0 0 23 23 0.00 0.00 0.00 0.00 1.00 0.00 0.00 23 255 1.00 0.00 0.04 0.03 0.00 0.00 0.00 0.00 0.1
1
0 1 0 1 0 0 0 0 0 0 0 1 0 0 0 0 0 0 354 1752 0 0 0 0 0 1 0 0 0 0 0 0 0 0 0 0 2 2 0.00 0.00 0.00 0.00 .100 0.00 0.00 5 255 1.00 0.00 0.20 0.04 0.00 0.00 0.00 0.00 0.1
1
0 1 0 1 0 0 0 0 0 0 0 1 0 0 0 0 0 0 193 3991 0 0 0 0 0 1 0 0 0 0 0 0 0 0 0 0 1 1 0.00 0.00 0.00 0.00 1.00 0.00 0.00 1 255 1.00 0.00 1.00 0.05 0.00 0.00 0.00 0.00 0.1
1
0 1 0 1 0 0 0 0 0 0 0 1 0 0 0 0 0 0 214 14959 0 0 0 0 0 1 0 0 0 0 0 0 0 0 0 0 6 6 0.00 0.00 0.00 0.00 1.00 0.00 0.00 11 255 1.00 0.00 0.09 0.05 0.00 0.00 0.00 0.00 0.1
1
0 1 0 1 0 0 0 0 0 0 0 1 0 0 0 0 0 0 212 1309 0 0 0 0 0 1 0 0 0 0 0 0 0 0 0 0 2 10 0.00 0.00 0.00 0.00 1.00 0.00 0.20 21 255 1.00 0.00 0.05 0.05 0.00 0.00 0.00 0.00 0.1
1
0 1 0 1 0 0 0 0 0 0 0 1 0 0 0 0 0 0 215 3670 0 0 0 0 0 1 0 0 0 0 0 0 0 0 0 0 3 3 0.00 0.00 0.00 0.00 1.00 0.00 0.00 31 255 1.00 0.00 0.03 0.05 0.00 0.00 0.00 0.00 0.1
1
0 1 0 1 0 0 0 0 0 0 0 1 0 0 0 0 0 0 217 18434 0 0 0 0 0 1 0 0 0 0 0 0 0 0 0 0 2 2 0.00 0.00 0.00 0.00 1.00 0.00 0.00 41 255 1.00 0.00 0.02 0.05 0.00 0.00 0.00 0.00 0.1
1
0 1 0 1 0 0 0 0 0 0 0 1 0 0 0 0 0 0 205 424 0 0 0 0 0 1 0 0 0 0 0 0 0 0 0 0 2 25 0.00 0.00 0.00 0.00 1.00 0.00 0.12 2 255 1.00 0.00 0.50 0.05 0.00 0.00 0.00 0.00 0.1
1
0 1 0 1 0 0 0 0 0 0 0 1 0 0 0 0 0 0 155 424 0 0 0 0 0 1 0 0 0 0 0 0 0 0 0 0 3 13 0.00 0.00 0.00 0.00 1.00 0.00 0.15 12 255 1.00 0.00 0.08 0.05 0.00 0.00 0.00 0.00 0.1
1
0 1 0 1 0 0 0 0 0 0 0 1 0 0 0 0 0 0 202 424 0 0 0 0 0 1 0 0 0 0 0 0 0 0 0 0 3 3 0.00 0.00 0.00 0.00 1.00 0.00 0.00 22 255 1.00 0.00 0.05 0.05 0.00 0.00 0.00 0.00 0.1
1
0 1 0 1 0 0 0 0 0 0 0 1 0 0 0 0 0 0 235 6627 0 0 0 0 0 1 0 0 0 0 0 0 0 0 0 0 1 1 0.00 0.00 0.00 0.00 1.00 0.00 0.00 32 255 1.00 0.00 0.03 0.05 0.00 0.00 0.00 0.00 0.1
1
0 1 0 1 0 0 0 0 0 0 0 1 0 0 0 0 0 0 259 3917 0 0 0 0 0 1 0 0 0 0 0 0 0 0 0 0 1 1 0.00 0.00 0.00 0.00 1.00 0.00 0.00 42 255 1.00 0.00 0.02 0.05 0.00 0.00 0.00 0.00 0.1
1
0 1 0 1 0 0 0 0 0 0 0 1 0 0 0 0 0 0 301 2653 0 0 0 0 0 1 0 0 0 0 0 0 0 0 0 0 2 2 0.00 0.00 0.00 0.00 1.00 0.00 0.00 52 255 1.00 0.00 0.02 0.05 0.00 0.00 0.00 0.00 0.1
1
0 1 0 1 0 0 0 0 0 0 0 1 0 0 0 0 0 0 322 424 0 0 0 0 0 1 0 0 0 0 0 0 0 0 0 0 2 2 0.00 0.00 0.00 0.00 1.00 0.00 0.00 62 255 1.00 0.00 0.02 0.05 0.00 0.00 0.00 0.00 0.1
1
0 1 0 1 0 0 0 0 0 0 0 1 0 0 0 0 0 0 370 520 0 0 0 0 0 1 0 0 0 0 0 0 0 0 0 0 3 3 0.00 0.00 0.00 0.00 1.00 0.00 0.00 72 255 1.00 0.00 0.01 0.04 0.00 0.00 0.00 0.00 0.1
1
0 1 0 1 0 0 0 0 0 0 0 1 0 0 0 0 0 0 370 520 0 0 0 0 0 1 0 0 0 0 0 0 0 0 0 0 3 3 0.00 0.00 0.00 0.00 1.00 0.00 0.00 82 255 1.00 0.00 0.01 0.04 0.00 0.00 0.00 0.00 0.1
1
0 1 0 1 0 0 0 0 0 0 0 1 0 0 0 0 0 0 172 5884 0 0 0 0 0 1 0 0 0 0 0 0 0 0 0 0 6 6 0.00 0.00 0.00 0.00 1.00 0.00 0.00 10 255 1.00 0.00 0.10 0.05 0.00 0.00 0.00 0.00 0.1
1
0 1 0 1 0 0 0 0 0 0 0 1 0 0 0 0 0 0 264 16123 0 0 0 0 0 1 0 0 0 0 0 0 0 0 0 0 2 13 0.00 0.00 0.00 0.00 1.00 0.00 0.23 20 255 1.00 0.00 0.05 0.05 0.00 0.00 0.00 0.00 0.1
1
0 1 0 1 0 0 0 0 0 0 0 1 0 0 0 0 0 0 255 1948 0 0 0 0 0 1 0 0 0 0 0 0 0 0 0 0 4 14 0.00 0.00 0.00 0.00 1.00 0.00 0.14 30 255 1.00 0.00 0.03 0.05 0.00 0.00 0.00 0.00 0.1
1
0 1 0 1 0 0 0 0 0 0 0 1 0 0 0 0 0 0 274 19790 0 0 0 0 0 1 0 0 0 0 0 0 0 0 0 0 6 6 0.00 0.00 0.00 0.00 1.00 0.00 0.00 40 255 1.00 0.00 0.03 0.05 0.00 0.00 0.00 0.00 0.1
1
0 1 0 1 0 0 0 0 0 0 0 1 0 0 0 0 0 0 313 293 0 0 0 0 0 1 0 0 0 0 0 0 0 0 0 0 3 3 0.00 0.00 0.00 0.00 1.00 0.00 0.00 3 255 1.00 0.00 0.33 0.05 0.00 0.00 0.00 0.00 0.1
1
0 1 0 1 0 0 0 0 0 0 0 1 0 0 0 0 0 0 145 4466 0 0 0 0 0 1 0 0 0 0 0 0 0 0 0 0 4 4 0.00 0.00 0.00 0.00 1.00 0.00 0.00 13 255 1.00 0.00 0.08 0.05 0.00 0.00 0.00 0.00 0.1
1
0 1 0 1 0 0 0 0 0 0 0 1 0 0 0 0 0 0 290 460 0 0 0 0 0 1 0 0 0 0 0 0 0 0 0 0 1 1 0.00 0.00 0.00 0.00 1.00 0.00 0.00 23 255 1.00 0.00 0.04 0.05 0.00 0.00 0.00 0.00 0.1
1
0 1 0 1 0 0 0 0 0 0 0 1 0 0 0 0 0 0 309 17798 0 0 0 0 0 1 0 0 0 0 0 0 0 0 0 0 2 2 0.00 0.00 0.00 0.00 1.00 0.00 0.00 2 255 1.00 0.00 0.50 0.06 0.00 0.00 0.00 0.00 0.1
1
0 1 0 1 0 0 0 0 0 0 0 1 0 0 0 0 0 0 317 2075 0 0 0 0 0 1 0 0 0 0 0 0 0 0 0 0 4 4 0.00 0.00 0.00 0.00 1.00 0.00 0.00 8 255 1.00 0.00 0.12 0.06 0.00 0.00 0.00 0.00 0.1
1
0 1 0 1 0 0 0 0 0 0 0 1 0 0 0 0 0 0 300 42747 0 0 0 0 0 1 0 0 0 0 0 0 0 0 0 0 4 5 0.00 0.00 0.00 0.00 1.00 0.00 0.40 18 255 1.00 0.00 0.06 0.06 0.00 0.00 0.00 0.00 0.1
1
0 1 0 1 0 0 0 0 0 0 0 1 0 0 0 0 0 0 307 1377 0 0 0 0 0 1 0 0 0 0 0 0 0 0 0 0 8 8 0.00 0.00 0.00 0.00 1.00 0.00 0.00 8 255 1.00 0.00 0.12 0.06 0.00 0.00 0.00 0.00 0.1
1
0 1 0 1 0 0 0 0 0 0 0 1 0 0 0 0 0 0 309 1030 0 0 0 0 0 1 0 0 0 0 0 0 0 0 0 0 18 18 0.00 0.00 0.00 0.00 1.00 0.00 0.00 18 255 1.00 0.00 0.06 0.05 0.00 0.00 0.00 0.00 0.1
1
0 1 0 1 0 0 0 0 0 0 0 1 0 0 0 0 0 0 306 1030 0 0 0 0 0 1 0 0 0 0 0 0 0 0 0 0 28 28 0.00 0.00 0.00 0.00 1.00 0.00 0.00 28 255 1.00 0.00 0.04 0.04 0.00 0.00 0.00 0.00 0.1
1
0 1 0 1 0 0 0 0 0 0 0 1 0 0 0 0 0 0 237 1691 0 0 0 0 0 1 0 0 0 0 0 0 0 0 0 0 10 10 0.00 0.00 0.00 0.00 1.00 0.00 0.00 10 255 1.00 0.00 0.10 0.05 0.00 0.00 0.00 0.00 0.1
1
0 1 0 1 0 0 0 0 0 0 0 1 0 0 0 0 0 0 237 2964 0 0 0 0 0 1 0 0 0 0 0 0 0 0 0 0 7 7 0.00 0.00 0.00 0.00 1.00 0.00 0.00 20 255 1.00 0.00 0.05 0.05 0.00 0.00 0.00 0.00 0.1
1
0 1 0 1 0 0 0 0 0 0 0 1 0 0 0 0 0 0 239 1691 0 0 0 0 0 1 0 0 0 0 0 0 0 0 0 0 4 4 0.00 0.00 0.00 0.00 1.00 0.00 0.00 30 255 1.00 0.00 0.03 0.05 0.00 0.00 0.00 0.00 0.1
1
0 1 0 1 0 0 0 0 0 0 0 1 0 0 0 0 0 0 160 170 0 0 0 0 0 1 0 0 0 0 0 0 0 0 0 0 1 1 0.00 0.00 0.00 0.00 1.00 0.00 0.00 1 255 1.00 0.00 1.00 0.05 0.00 0.00 0.00 0.00 0.1
1
0 1 0 1 0 0 0 0 0 0 0 1 0 0 0 0 0 0 231 2281 0 0 0 0 0 1 0 0 0 0 0 0 0 0 0 0 9 10 0.00 0.00 0.00 0.00 1.00 0.00 0.20 11 255 1.00 0.00 0.09 0.04 0.00 0.00 0.00 0.00 0.1
1
0 1 0 1 0 0 0 0 0 0 0 1 0 0 0 0 0 0 227 1247 0 0 0 0 0 1 0 0 0 0 0 0 0 0 0 0 19 20 0.00 0.00 0.00 0.00 1.00 0.00 0.10 21 255 1.00 0.00 0.05 0.04 0.00 0.00 0.00 0.00 0.1
1
0 1 0 1 0 0 0 0 0 0 0 1 0 0 0 0 0 0 232 8766 0 0 0 0 0 1 0 0 0 0 0 0 0 0 0 0 10 10 0.00 0.00 0.00 0.00 1.00 0.00 0.00 31 255 1.00 0.00 0.03 0.04 0.00 0.00 0.00 0.00 0.1
1
0 1 0 1 0 0 0 0 0 0 0 1 0 0 0 0 0 0 233 3609 0 0 0 0 0 1 0 0 0 0 0 0 0 0 0 0 6 6 0.00 0.00 0.00 0.00 1.00 0.00 0.00 41 255 1.00 0.00 0.02 0.04 0.00 0.00 0.00 0.00 0.1
1
0 1 0 1 0 0 0 0 0 0 0 1 0 0 0 0 0 0 236 468 0 0 0 0 0 1 0 0 0 0 0 0 0 0 0 0 16 17 0.00 0.00 0.00 0.00 1.00 0.00 0.12 51 255 1.00 0.00 0.02 0.04 0.00 0.00 0.00 0.00 0.1
1
0 1 0 1 0 0 0 0 0 0 0 1 0 0 0 0 0 0 322 8766 0 0 0 0 0 1 0 0 0 0 0 0 0 0 0 0 7 7 0.00 0.00 0.00 0.00 1.00 0.00 0.00 61 255 1.00 0.00 0.02 0.04 0.00 0.00 0.00 0.00 0.1
1
0 1 0 1 0 0 0 0 0 0 0 1 0 0 0 0 0 0 327 2112 0 0 0 0 0 1 0 0 0 0 0 0 0 0 0 0 17 17 0.00 0.00 0.00 0.00 1.00 0.00 0.00 71 255 1.00 0.00 0.01 0.04 0.00 0.00 0.00 0.00 0.1
1
0 1 0 1 0 0 0 0 0 0 0 1 0 0 0 0 0 0 225 2063 0 0 0 0 0 1 0 0 0 0 0 0 0 0 0 0 8 8 0.00 0.00 0.00 0.00 1.00 0.00 0.00 81 255 1.00 0.00 0.01 0.04 0.00 0.00 0.00 0.00 0.1
1
0 1 0 1 0 0 0 0 0 0 0 1 0 0 0 0 0 0 224 1658 0 0 0 0 0 1 0 0 0 0 0 0 0 0 0 0 18 18 0.00 0.00 0.00 0.00 1.00 0.00 0.00 91 255 1.00 0.00 0.01 0.04 0.00 0.00 0.00 0.00 0.1
1
0 1 0 1 0 0 0 0 0 0 0 1 0 0 0 0 0 0 224 3609 0 0 0 0 0 1 0 0 0 0 0 0 0 0 0 0 9 10 0.00 0.00 0.00 0.00 1.00 0.00 0.20 101 255 1.00 0.00 0.02 0.04 0.00 0.00 0.00 0.00 0.1
1
0 1 0 1 0 0 0 0 0 0 0 1 0 0 0 0 0 0 230 2118 0 0 0 0 0 1 0 0 0 0 0 0 0 0 0 0 19 20 0.00 0.00 0.00 0.00 1.00 0.00 0.10 111 255 1.00 0.00 0.02 0.04 0.00 0.00 0.00 0.00 0.1
1
0 1 0 1 0 0 0 0 0 0 0 1 0 0 0 0 0 0 239 304 0 0 0 0 0 1 0 0 0 0 0 0 0 0 0 0 10 20 0.00 0.00 0.00 0.00 1.00 0.00 0.20 121 255 1.00 0.00 0.01 0.04 0.00 0.00 0.00 0.00 0.1
1
0 1 0 1 0 0 0 0 0 0 0 1 0 0 0 0 0 0 240 2164 0 0 0 0 0 1 0 0 0 0 0 0 0 0 0 0 6 34 0.00 0.00 0.00 0.00 1.00 0.00 0.06 131 255 1.00 0.00 0.01 0.03 0.00 0.00 0.00 0.00 0.1
1
0 1 0 1 0 0 0 0 0 0 0 1 0 0 0 0 0 0 237 2112 0 0 0 0 0 1 0 0 0 0 0 0 0 0 0 0 16 33 0.00 0.00 0.00 0.00 1.00 0.00 0.06 141 255 1.00 0.00 0.01 0.03 0.00 0.00 0.00 0.00 0.1
1
0 1 0 1 0 0 0 0 0 0 0 1 0 0 0 0 0 0 229 304 0 0 0 0 0 1 0 0 0 0 0 0 0 0 0 0 7 7 0.00 0.00 0.00 0.00 1.00 0.00 0.00 151 255 1.00 0.00 0.01 0.03 0.00 0.00 0.00 0.00 0.1
1
0 1 0 1 0 0 0 0 0 0 0 1 0 0 0 0 0 0 164 4460 0 0 0 0 0 1 0 0 0 0 0 0 0 0 0 0 17 18 0.00 0.00 0.00 0.00 1.00 0.00 0.11 161 255 1.00 0.00 0.01 0.02 0.00 0.00 0.00 0.00 0.1
1
0 1 0 1 0 0 0 0 0 0 0 1 0 0 0 0 0 0 242 2118 0 0 0 0 0 1 0 0 0 0 0 0 0 0 0 0 27 28 0.00 0.00 0.00 0.00 1.00 0.00 0.07 171 255 1.00 0.00 0.01 0.02 0.00 0.00 0.00 0.00 0.1
1
0 1 0 1 0 0 0 0 0 0 0 1 0 0 0 0 0 0 238 296 0 0 0 0 0 1 0 0 0 0 0 0 0 0 0 0 4 10 0.00 0.00 0.00 0.00 1.00 0.00 0.20 181 255 1.00 0.00 0.01 0.02 0.00 0.00 0.00 0.00 0.1
1
0 1 0 1 0 0 0 0 0 0 0 1 0 0 0 0 0 0 238 2112 0 0 0 0 0 1 0 0 0 0 0 0 0 0 0 0 14 20 0.00 0.00 0.00 0.00 1.00 0.00 0.10 191 255 1.00 0.00 0.01 0.01 0.00 0.00 0.00 0.00 0.1
1
0 1 0 1 0 0 0 0 0 0 0 1 0 0 0 0 0 0 208 2000 0 0 0 0 0 1 0 0 0 0 0 0 0 0 0 0 5 19 0.00 0.00 0.00 0.00 1.00 0.00 0.16 201 255 1.00 0.00 0.00 0.01 0.00 0.00 0.00 0.00 0.1
1
0 1 0 1 0 0 0 0 0 0 0 1 0 0 0 0 0 0 213 2164 0 0 0 0 0 1 0 0 0 0 0 0 0 0 0 0 15 34 0.00 0.00 0.00 0.00 1.00 0.00 0.12 211 255 1.00 0.00 0.00 0.01 0.00 0.00 0.00 0.00 0.1
1
0 1 0 1 0 0 0 0 0 0 0 1 0 0 0 0 0 0 297 2000 0 0 0 0 0 1 0 0 0 0 0 0 0 0 0 0 6 6 0.00 0.00 0.00 0.00 1.00 0.00 0.00 221 255 1.00 0.00 0.00 0.01 0.00 0.00 0.00 0.00 0.1
1
0 1 0 1 0 0 0 0 0 0 0 1 0 0 0 0 0 0 302 2164 0 0 0 0 0 1 0 0 0 0 0 0 0 0 0 0 16 16 0.00 0.00 0.00 0.00 1.00 0.00 0.00 231 255 1.00 0.00 0.00 0.01 0.00 0.00 0.00 0.00 0.1
1
0 1 0 1 0 0 0 0 0 0 0 1 0 0 0 0 0 0 310 2195 0 0 0 0 0 1 0 0 0 0 0 0 0 0 0 0 7 7 0.00 0.00 0.00 0.00 1.00 0.00 0.00 241 255 1.00 0.00 0.00 0.01 0.00 0.00 0.00 0.00 0.1
1
0 1 0 1 0 0 0 0 0 0 0 1 0 0 0 0 0 0 314 2298 0 0 0 0 0 1 0 0 0 0 0 0 0 0 0 0 3 9 0.00 0.00 0.00 0.00 1.00 0.00 0.22 251 255 1.00 0.00 0.00 0.01 0.00 0.00 0.00 0.00 0.1
1
0 1 0 1 0 0 0 0 0 0 0 1 0 0 0 0 0 0 309 296 0 0 0 0 0 1 0 0 0 0 0 0 0 0 0 0 13 19 0.00 0.00 0.00 0.00 1.00 0.00 0.11 255 255 1.00 0.00 0.00 0.00 0.00 0.00 0.00 0.00 0.1
1
0 1 0 1 0 0 0 0 0 0 0 1 0 0 0 0 0 0 307 468 0 0 0 0 0 1 0 0 0 0 0 0 0 0 0 0 9 14 0.00 0.00 0.00 0.00 1.00 0.00 0.14 255 255 1.00 0.00 0.00 0.00 0.00 0.00 0.00 0.00 0.1
1
0 1 0 1 0 0 0 0 0 0 0 1 0 0 0 0 0 0 310 304 0 0 0 0 0 1 0 0 0 0 0 0 0 0 0 0 5 5 0.00 0.00 0.00 0.00 1.00 0.00 0.00 255 255 1.00 0.00 0.00 0.00 0.00 0.00 0.00 0.00 0.1
1
0 1 0 1 0 0 0 0 0 0 0 1 0 0 0 0 0 0 187 4460 0 0 0 0 0 1 0 0 0 0 0 0 0 0 0 0 1 1 0.00 0.00 0.00 0.00 1.00 0.00 0.00 255 255 1.00 0.00 0.00 0.00 0.00 0.00 0.00 0.00 0.1
1
0 1 0 1 0 0 0 0 0 0 0 1 0 0 0 0 0 0 201 3421 0 0 0 0 0 1 0 0 0 0 0 0 0 0 0 0 11 11 0.00 0.00 0.00 0.00 1.00 0.00 0.00 255 255 1.00 0.00 0.00 0.00 0.00 0.00 0.00 0.00 0.1
1
0 1 0 1 0 0 0 0 0 0 0 1 0 0 0 0 0 0 155 2026 0 0 0 0 0 1 0 0 0 0 0 0 0 0 0 0 2 2 0.00 0.00 0.00 0.00 1.00 0.00 0.00 255 255 1.00 0.00 0.00 0.00 0.00 0.00 0.00 0.00 0.1
1
0 1 0 1 0 0 0 0 0 0 0 1 0 0 0 0 0 0 222 1981 0 0 0 0 0 1 0 0 0 0 0 0 0 0 0 0 12 12 0.00 0.00 0.00 0.00 1.00 0.00 0.00 255 255 1.00 0.00 0.00 0.00 0.00 0.00 0.00 0.00 0.1
1
0 1 0 1 0 0 0 0 0 0 0 1 0 0 0 0 0 0 219 2000 0 0 0 0 0 1 0 0 0 0 0 0 0 0 0 0 8 8 0.00 0.00 0.00 0.00 1.00 0.00 0.00 255 255 1.00 0.00 0.00 0.00 0.00 0.00 0.00 0.00 0.1
1
0 1 0 1 0 0 0 0 0 0 0 1 0 0 0 0 0 0 220 304 0 0 0 0 0 1 0 0 0 0 0 0 0 0 0 0 4 7 0.00 0.00 0.00 0.00 1.00 0.00 0.29 255 255 1.00 0.00 0.00 0.00 0.00 0.00 0.00 0.00 0.1
1
0 1 0 1 0 0 0 0 0 0 0 1 0 0 0 0 0 0 230 2395 0 0 0 0 0 1 0 0 0 0 0 0 0 0 0 0 14 18 0.00 0.00 0.00 0.00 1.00 0.00 0.11 255 255 1.00 0.00 0.00 0.00 0.00 0.00 0.00 0.00 0.1
1
0 1 0 1 0 0 0 0 0 0 0 1 0 0 0 0 0 0 221 2112 0 0 0 0 0 1 0 0 0 0 0 0 0 0 0 0 10 10 0.00 0.00 0.00 0.00 1.00 0.00 0.00 255 255 1.00 0.00 0.00 0.00 0.00 0.00 0.00 0.00 0.1
1
0 1 0 1 0 0 0 0 0 0 0 1 0 0 0 0 0 0 329 1735 0 0 0 0 0 1 0 0 0 0 0 0 0 0 0 0 2 11 0.00 0.00 0.00 0.00 1.00 0.00 0.18 2 255 1.00 0.00 0.50 0.01 0.00 0.00 0.00 0.00 0.1
1
0 1 0 1 0 0 0 0 0 0 0 1 0 0 0 0 0 0 337 330 0 0 0 0 0 1 0 0 0 0 0 0 0 0 0 0 12 12 0.00 0.00 0.00 0.00 1.00 0.00 0.00 12 255 1.00 0.00 0.08 0.01 0.00 0.00 0.00 0.00 0.1
1
0 1 0 1 0 0 0 0 0 0 0 1 0 0 0 0 0 0 293 38125 0 0 0 0 0 1 0 0 0 0 0 0 0 0 0 0 22 22 0.00 0.00 0.00 0.00 1.00 0.00 0.00 22 255 1.00 0.00 0.05 0.01 0.00 0.00 0.00 0.00 0.1
1
0 1 0 1 0 0 0 0 0 0 0 1 0 0 0 0 0 0 171 280 0 0 0 0 0 1 0 0 0 0 0 0 0 0 0 0 1 26 0.00 0.00 0.00 0.00 1.00 0.00 0.08 6 255 1.00 0.00 0.17 0.02 0.00 0.00 0.00 0.00 0.1
1
0 1 0 1 0 0 0 0 0 0 0 1 0 0 0 0 0 0 178 1973 0 0 0 0 0 1 0 0 0 0 0 0 0 0 0 0 2 2 0.00 0.00 0.00 0.00 1.00 0.00 0.00 16 255 1.00 0.00 0.06 0.02 0.00 0.00 0.00 0.00 0.1
1
0 1 0 1 0 0 0 0 0 0 0 1 0 0 0 0 0 0 331 8415 0 0 0 0 0 1 0 0 0 0 0 0 0 0 0 0 2 2 0.00 0.00 0.00 0.00 1.00 0.00 0.00 26 255 1.00 0.00 0.04 0.02 0.00 0.00 0.00 0.00 0.1
1
0 0 1 0 1 0 0 0 0 0 0 1 0 0 0 0 0 0 1032 0 0 0 0 0 0 0 0 0 0 0 0 0 0 0 0 0 511 511 0.00 0.00 0.00 0.00 1.00 0.00 0.00 255 255 1.00 0.00 1.00 0.00 0.00 0.00 0.00 0.00 0.9
0
0 0 1 0 1 0 0 0 0 0 0 1 0 0 0 0 0 0 1032 0 0 0 0 0 0 0 0 0 0 0 0 0 0 0 0 0 511 511 0.00 0.00 0.00 0.00 1.00 0.00 0.00 255 255 1.00 0.00 1.00 0.00 0.00 0.00 0.00 0.00 0.9
0
0 0 1 0 1 0 0 0 0 0 0 1 0 0 0 0 0 0 1032 0 0 0 0 0 0 0 0 0 0 0 0 0 0 0 0 0 511 511 0.00 0.00 0.00 0.00 1.00 0.00 0.00 255 255 1.00 0.00 1.00 0.00 0.00 0.00 0.00 0.00 0.9
0
0 0 1 0 1 0 0 0 0 0 0 1 0 0 0 0 0 0 1032 0 0 0 0 0 0 0 0 0 0 0 0 0 0 0 0 0 511 511 0.00 0.00 0.00 0.00 1.00 0.00 0.00 255 255 1.00 0.00 1.00 0.00 0.00 0.00 0.00 0.00 0.9
0
0 0 1 0 1 0 0 0 0 0 0 1 0 0 0 0 0 0 1032 0 0 0 0 0 0 0 0 0 0 0 0 0 0 0 0 0 511 511 0.00 0.00 0.00 0.00 1.00 0.00 0.00 255 255 1.00 0.00 1.00 0.00 0.00 0.00 0.00 0.00 0.9
0
0 0 1 0 1 0 0 0 0 0 0 1 0 0 0 0 0 0 1032 0 0 0 0 0 0 0 0 0 0 0 0 0 0 0 0 0 511 511 0.00 0.00 0.00 0.00 1.00 0.00 0.00 255 255 1.00 0.00 1.00 0.00 0.00 0.00 0.00 0.00 0.9
0
0 0 1 0 1 0 0 0 0 0 0 1 0 0 0 0 0 0 1032 0 0 0 0 0 0 0 0 0 0 0 0 0 0 0 0 0 511 511 0.00 0.00 0.00 0.00 1.00 0.00 0.00 255 255 1.00 0.00 1.00 0.00 0.00 0.00 0.00 0.00 0.9
0
0 0 1 0 1 0 0 0 0 0 0 1 0 0 0 0 0 0 1032 0 0 0 0 0 0 0 0 0 0 0 0 0 0 0 0 0 511 511 0.00 0.00 0.00 0.00 1.00 0.00 0.00 255 255 1.00 0.00 1.00 0.00 0.00 0.00 0.00 0.00 0.9
0
0 0 1 0 1 0 0 0 0 0 0 1 0 0 0 0 0 0 1032 0 0 0 0 0 0 0 0 0 0 0 0 0 0 0 0 0 511 511 0.00 0.00 0.00 0.00 1.00 0.00 0.00 255 255 1.00 0.00 1.00 0.00 0.00 0.00 0.00 0.00 0.9
0
0 0 1 0 1 0 0 0 0 0 0 1 0 0 0 0 0 0 1032 0 0 0 0 0 0 0 0 0 0 0 0 0 0 0 0 0 511 511 0.00 0.00 0.00 0.00 1.00 0.00 0.00 255 255 1.00 0.00 1.00 0.00 0.00 0.00 0.00 0.00 0.9
0
0 0 1 0 1 0 0 0 0 0 0 1 0 0 0 0 0 0 1032 0 0 0 0 0 0 0 0 0 0 0 0 0 0 0 0 0 511 511 0.00 0.00 0.00 0.00 1.00 0.00 0.00 255 255 1.00 0.00 1.00 0.00 0.00 0.00 0.00 0.00 0.9
0
0 0 1 0 1 0 0 0 0 0 0 1 0 0 0 0 0 0 1032 0 0 0 0 0 0 0 0 0 0 0 0 0 0 0 0 0 511 511 0.00 0.00 0.00 0.00 1.00 0.00 0.00 255 255 1.00 0.00 1.00 0.00 0.00 0.00 0.00 0.00 0.9
0
0 0 1 0 1 0 0 0 0 0 0 1 0 0 0 0 0 0 1032 0 0 0 0 0 0 0 0 0 0 0 0 0 0 0 0 0 511 511 0.00 0.00 0.00 0.00 1.00 0.00 0.00 255 255 1.00 0.00 1.00 0.00 0.00 0.00 0.00 0.00 0.9
0
0 0 1 0 1 0 0 0 0 0 0 1 0 0 0 0 0 0 1032 0 0 0 0 0 0 0 0 0 0 0 0 0 0 0 0 0 511 511 0.00 0.00 0.00 0.00 1.00 0.00 0.00 255 255 1.00 0.00 1.00 0.00 0.00 0.00 0.00 0.00 0.9
0
0 0 1 0 1 0 0 0 0 0 0 1 0 0 0 0 0 0 1032 0 0 0 0 0 0 0 0 0 0 0 0 0 0 0 0 0 511 511 0.00 0.00 0.00 0.00 1.00 0.00 0.00 255 255 1.00 0.00 1.00 0.00 0.00 0.00 0.00 0.00 0.9
0
0 0 1 0 1 0 0 0 0 0 0 1 0 0 0 0 0 0 1032 0 0 0 0 0 0 0 0 0 0 0 0 0 0 0 0 0 511 511 0.00 0.00 0.00 0.00 1.00 0.00 0.00 255 255 1.00 0.00 1.00 0.00 0.00 0.00 0.00 0.00 0.9
0
0 0 1 0 1 0 0 0 0 0 0 1 0 0 0 0 0 0 1032 0 0 0 0 0 0 0 0 0 0 0 0 0 0 0 0 0 511 511 0.00 0.00 0.00 0.00 1.00 0.00 0.00 255 255 1.00 0.00 1.00 0.00 0.00 0.00 0.00 0.00 0.9
0
0 0 1 0 1 0 0 0 0 0 0 1 0 0 0 0 0 0 1032 0 0 0 0 0 0 0 0 0 0 0 0 0 0 0 0 0 511 511 0.00 0.00 0.00 0.00 1.00 0.00 0.00 255 255 1.00 0.00 1.00 0.00 0.00 0.00 0.00 0.00 0.9
0
0 0 1 0 1 0 0 0 0 0 0 1 0 0 0 0 0 0 1032 0 0 0 0 0 0 0 0 0 0 0 0 0 0 0 0 0 511 511 0.00 0.00 0.00 0.00 1.00 0.00 0.00 255 255 1.00 0.00 1.00 0.00 0.00 0.00 0.00 0.00 0.9
0
0 0 1 0 1 0 0 0 0 0 0 1 0 0 0 0 0 0 1032 0 0 0 0 0 0 0 0 0 0 0 0 0 0 0 0 0 511 511 0.00 0.00 0.00 0.00 1.00 0.00 0.00 255 255 1.00 0.00 1.00 0.00 0.00 0.00 0.00 0.00 0.9
0
0 0 1 0 1 0 0 0 0 0 0 1 0 0 0 0 0 0 1032 0 0 0 0 0 0 0 0 0 0 0 0 0 0 0 0 0 511 511 0.00 0.00 0.00 0.00 1.00 0.00 0.00 255 255 1.00 0.00 1.00 0.00 0.00 0.00 0.00 0.00 0.9
0
0 0 1 0 1 0 0 0 0 0 0 1 0 0 0 0 0 0 1032 0 0 0 0 0 0 0 0 0 0 0 0 0 0 0 0 0 511 511 0.00 0.00 0.00 0.00 1.00 0.00 0.00 255 255 1.00 0.00 1.00 0.00 0.00 0.00 0.00 0.00 0.9
0
0 0 1 0 1 0 0 0 0 0 0 1 0 0 0 0 0 0 1032 0 0 0 0 0 0 0 0 0 0 0 0 0 0 0 0 0 511 511 0.00 0.00 0.00 0.00 1.00 0.00 0.00 255 255 1.00 0.00 1.00 0.00 0.00 0.00 0.00 0.00 0.9
0
0 0 1 0 1 0 0 0 0 0 0 1 0 0 0 0 0 0 1032 0 0 0 0 0 0 0 0 0 0 0 0 0 0 0 0 0 511 511 0.00 0.00 0.00 0.00 1.00 0.00 0.00 255 255 1.00 0.00 1.00 0.00 0.00 0.00 0.00 0.00 0.9
0
0 0 1 0 1 0 0 0 0 0 0 1 0 0 0 0 0 0 1032 0 0 0 0 0 0 0 0 0 0 0 0 0 0 0 0 0 511 511 0.00 0.00 0.00 0.00 1.00 0.00 0.00 255 255 1.00 0.00 1.00 0.00 0.00 0.00 0.00 0.00 0.9
0
0 0 1 0 1 0 0 0 0 0 0 1 0 0 0 0 0 0 1032 0 0 0 0 0 0 0 0 0 0 0 0 0 0 0 0 0 511 511 0.00 0.00 0.00 0.00 1.00 0.00 0.00 255 255 1.00 0.00 1.00 0.00 0.00 0.00 0.00 0.00 0.9
0
0 0 1 0 1 0 0 0 0 0 0 1 0 0 0 0 0 0 1032 0 0 0 0 0 0 0 0 0 0 0 0 0 0 0 0 0 511 511 0.00 0.00 0.00 0.00 1.00 0.00 0.00 255 255 1.00 0.00 1.00 0.00 0.00 0.00 0.00 0.00 0.9
0
0 0 1 0 1 0 0 0 0 0 0 1 0 0 0 0 0 0 1032 0 0 0 0 0 0 0 0 0 0 0 0 0 0 0 0 0 511 511 0.00 0.00 0.00 0.00 1.00 0.00 0.00 255 255 1.00 0.00 1.00 0.00 0.00 0.00 0.00 0.00 0.9
0
0 0 1 0 1 0 0 0 0 0 0 1 0 0 0 0 0 0 1032 0 0 0 0 0 0 0 0 0 0 0 0 0 0 0 0 0 511 511 0.00 0.00 0.00 0.00 1.00 0.00 0.00 255 255 1.00 0.00 1.00 0.00 0.00 0.00 0.00 0.00 0.9
0
0 0 1 0 1 0 0 0 0 0 0 1 0 0 0 0 0 0 1032 0 0 0 0 0 0 0 0 0 0 0 0 0 0 0 0 0 511 511 0.00 0.00 0.00 0.00 1.00 0.00 0.00 255 255 1.00 0.00 1.00 0.00 0.00 0.00 0.00 0.00 0.9
0
0 0 1 0 1 0 0 0 0 0 0 1 0 0 0 0 0 0 1032 0 0 0 0 0 0 0 0 0 0 0 0 0 0 0 0 0 511 511 0.00 0.00 0.00 0.00 1.00 0.00 0.00 255 255 1.00 0.00 1.00 0.00 0.00 0.00 0.00 0.00 0.9
0
0 0 1 0 1 0 0 0 0 0 0 1 0 0 0 0 0 0 1032 0 0 0 0 0 0 0 0 0 0 0 0 0 0 0 0 0 511 511 0.00 0.00 0.00 0.00 1.00 0.00 0.00 255 255 1.00 0.00 1.00 0.00 0.00 0.00 0.00 0.00 0.9
0
0 0 1 0 1 0 0 0 0 0 0 1 0 0 0 0 0 0 1032 0 0 0 0 0 0 0 0 0 0 0 0 0 0 0 0 0 511 511 0.00 0.00 0.00 0.00 1.00 0.00 0.00 255 255 1.00 0.00 1.00 0.00 0.00 0.00 0.00 0.00 0.9
0
0 0 1 0 1 0 0 0 0 0 0 1 0 0 0 0 0 0 1032 0 0 0 0 0 0 0 0 0 0 0 0 0 0 0 0 0 511 511 0.00 0.00 0.00 0.00 1.00 0.00 0.00 255 255 1.00 0.00 1.00 0.00 0.00 0.00 0.00 0.00 0.9
0
0 0 1 0 1 0 0 0 0 0 0 1 0 0 0 0 0 0 1032 0 0 0 0 0 0 0 0 0 0 0 0 0 0 0 0 0 511 511 0.00 0.00 0.00 0.00 1.00 0.00 0.00 255 255 1.00 0.00 1.00 0.00 0.00 0.00 0.00 0.00 0.9
0
0 0 1 0 1 0 0 0 0 0 0 1 0 0 0 0 0 0 1032 0 0 0 0 0 0 0 0 0 0 0 0 0 0 0 0 0 511 511 0.00 0.00 0.00 0.00 1.00 0.00 0.00 255 255 1.00 0.00 1.00 0.00 0.00 0.00 0.00 0.00 0.9
0
0 0 1 0 1 0 0 0 0 0 0 1 0 0 0 0 0 0 1032 0 0 0 0 0 0 0 0 0 0 0 0 0 0 0 0 0 511 511 0.00 0.00 0.00 0.00 1.00 0.00 0.00 255 255 1.00 0.00 1.00 0.00 0.00 0.00 0.00 0.00 0.9
0
0 0 1 0 1 0 0 0 0 0 0 1 0 0 0 0 0 0 1032 0 0 0 0 0 0 0 0 0 0 0 0 0 0 0 0 0 511 511 0.00 0.00 0.00 0.00 1.00 0.00 0.00 255 255 1.00 0.00 1.00 0.00 0.00 0.00 0.00 0.00 0.9
0
0 0 1 0 1 0 0 0 0 0 0 1 0 0 0 0 0 0 1032 0 0 0 0 0 0 0 0 0 0 0 0 0 0 0 0 0 511 511 0.00 0.00 0.00 0.00 1.00 0.00 0.00 255 255 1.00 0.00 1.00 0.00 0.00 0.00 0.00 0.00 0.9
0
0 0 1 0 1 0 0 0 0 0 0 1 0 0 0 0 0 0 1032 0 0 0 0 0 0 0 0 0 0 0 0 0 0 0 0 0 511 511 0.00 0.00 0.00 0.00 1.00 0.00 0.00 255 255 1.00 0.00 1.00 0.00 0.00 0.00 0.00 0.00 0.9
0
0 0 1 0 1 0 0 0 0 0 0 1 0 0 0 0 0 0 1032 0 0 0 0 0 0 0 0 0 0 0 0 0 0 0 0 0 511 511 0.00 0.00 0.00 0.00 1.00 0.00 0.00 255 255 1.00 0.00 1.00 0.00 0.00 0.00 0.00 0.00 0.9
0
0 0 1 0 1 0 0 0 0 0 0 1 0 0 0 0 0 0 1032 0 0 0 0 0 0 0 0 0 0 0 0 0 0 0 0 0 511 511 0.00 0.00 0.00 0.00 1.00 0.00 0.00 255 255 1.00 0.00 1.00 0.00 0.00 0.00 0.00 0.00 0.9
0
0 0 1 0 1 0 0 0 0 0 0 1 0 0 0 0 0 0 1032 0 0 0 0 0 0 0 0 0 0 0 0 0 0 0 0 0 511 511 0.00 0.00 0.00 0.00 1.00 0.00 0.00 255 255 1.00 0.00 1.00 0.00 0.00 0.00 0.00 0.00 0.9
0
0 0 1 0 1 0 0 0 0 0 0 1 0 0 0 0 0 0 1032 0 0 0 0 0 0 0 0 0 0 0 0 0 0 0 0 0 511 511 0.00 0.00 0.00 0.00 1.00 0.00 0.00 255 255 1.00 0.00 1.00 0.00 0.00 0.00 0.00 0.00 0.9
0
0 0 1 0 1 0 0 0 0 0 0 1 0 0 0 0 0 0 1032 0 0 0 0 0 0 0 0 0 0 0 0 0 0 0 0 0 511 511 0.00 0.00 0.00 0.00 1.00 0.00 0.00 255 255 1.00 0.00 1.00 0.00 0.00 0.00 0.00 0.00 0.9
0
0 0 1 0 1 0 0 0 0 0 0 1 0 0 0 0 0 0 1032 0 0 0 0 0 0 0 0 0 0 0 0 0 0 0 0 0 511 511 0.00 0.00 0.00 0.00 1.00 0.00 0.00 255 255 1.00 0.00 1.00 0.00 0.00 0.00 0.00 0.00 0.9
0
0 0 1 0 1 0 0 0 0 0 0 1 0 0 0 0 0 0 1032 0 0 0 0 0 0 0 0 0 0 0 0 0 0 0 0 0 511 511 0.00 0.00 0.00 0.00 1.00 0.00 0.00 255 255 1.00 0.00 1.00 0.00 0.00 0.00 0.00 0.00 0.9
0
0 0 1 0 1 0 0 0 0 0 0 1 0 0 0 0 0 0 1032 0 0 0 0 0 0 0 0 0 0 0 0 0 0 0 0 0 511 511 0.00 0.00 0.00 0.00 1.00 0.00 0.00 255 255 1.00 0.00 1.00 0.00 0.00 0.00 0.00 0.00 0.9
0
0 0 1 0 1 0 0 0 0 0 0 1 0 0 0 0 0 0 1032 0 0 0 0 0 0 0 0 0 0 0 0 0 0 0 0 0 511 511 0.00 0.00 0.00 0.00 1.00 0.00 0.00 255 255 1.00 0.00 1.00 0.00 0.00 0.00 0.00 0.00 0.9
0
0 0 1 0 1 0 0 0 0 0 0 1 0 0 0 0 0 0 1032 0 0 0 0 0 0 0 0 0 0 0 0 0 0 0 0 0 511 511 0.00 0.00 0.00 0.00 1.00 0.00 0.00 255 255 1.00 0.00 1.00 0.00 0.00 0.00 0.00 0.00 0.9
0
0 0 1 0 1 0 0 0 0 0 0 1 0 0 0 0 0 0 1032 0 0 0 0 0 0 0 0 0 0 0 0 0 0 0 0 0 511 511 0.00 0.00 0.00 0.00 1.00 0.00 0.00 255 255 1.00 0.00 1.00 0.00 0.00 0.00 0.00 0.00 0.9
0
0 0 1 0 1 0 0 0 0 0 0 1 0 0 0 0 0 0 1032 0 0 0 0 0 0 0 0 0 0 0 0 0 0 0 0 0 511 511 0.00 0.00 0.00 0.00 1.00 0.00 0.00 255 255 1.00 0.00 1.00 0.00 0.00 0.00 0.00 0.00 0.9
0
0 0 1 0 1 0 0 0 0 0 0 1 0 0 0 0 0 0 1032 0 0 0 0 0 0 0 0 0 0 0 0 0 0 0 0 0 511 511 0.00 0.00 0.00 0.00 1.00 0.00 0.00 255 255 1.00 0.00 1.00 0.00 0.00 0.00 0.00 0.00 0.9
0
0 0 1 0 1 0 0 0 0 0 0 1 0 0 0 0 0 0 1032 0 0 0 0 0 0 0 0 0 0 0 0 0 0 0 0 0 511 511 0.00 0.00 0.00 0.00 1.00 0.00 0.00 255 255 1.00 0.00 1.00 0.00 0.00 0.00 0.00 0.00 0.9
0
0 0 1 0 1 0 0 0 0 0 0 1 0 0 0 0 0 0 1032 0 0 0 0 0 0 0 0 0 0 0 0 0 0 0 0 0 511 511 0.00 0.00 0.00 0.00 1.00 0.00 0.00 255 255 1.00 0.00 1.00 0.00 0.00 0.00 0.00 0.00 0.9
0
0 0 1 0 1 0 0 0 0 0 0 1 0 0 0 0 0 0 1032 0 0 0 0 0 0 0 0 0 0 0 0 0 0 0 0 0 511 511 0.00 0.00 0.00 0.00 1.00 0.00 0.00 255 255 1.00 0.00 1.00 0.00 0.00 0.00 0.00 0.00 0.9
0
0 0 1 0 1 0 0 0 0 0 0 1 0 0 0 0 0 0 1032 0 0 0 0 0 0 0 0 0 0 0 0 0 0 0 0 0 511 511 0.00 0.00 0.00 0.00 1.00 0.00 0.00 255 255 1.00 0.00 1.00 0.00 0.00 0.00 0.00 0.00 0.9
0
0 0 1 0 1 0 0 0 0 0 0 1 0 0 0 0 0 0 1032 0 0 0 0 0 0 0 0 0 0 0 0 0 0 0 0 0 511 511 0.00 0.00 0.00 0.00 1.00 0.00 0.00 255 255 1.00 0.00 1.00 0.00 0.00 0.00 0.00 0.00 0.9
0
0 0 1 0 1 0 0 0 0 0 0 1 0 0 0 0 0 0 1032 0 0 0 0 0 0 0 0 0 0 0 0 0 0 0 0 0 511 511 0.00 0.00 0.00 0.00 1.00 0.00 0.00 255 255 1.00 0.00 1.00 0.00 0.00 0.00 0.00 0.00 0.9
0
0 0 1 0 1 0 0 0 0 0 0 1 0 0 0 0 0 0 1032 0 0 0 0 0 0 0 0 0 0 0 0 0 0 0 0 0 511 511 0.00 0.00 0.00 0.00 1.00 0.00 0.00 255 255 1.00 0.00 1.00 0.00 0.00 0.00 0.00 0.00 0.9
0
0 0 1 0 1 0 0 0 0 0 0 1 0 0 0 0 0 0 1032 0 0 0 0 0 0 0 0 0 0 0 0 0 0 0 0 0 511 511 0.00 0.00 0.00 0.00 1.00 0.00 0.00 255 255 1.00 0.00 1.00 0.00 0.00 0.00 0.00 0.00 0.9
0
0 0 1 0 1 0 0 0 0 0 0 1 0 0 0 0 0 0 1032 0 0 0 0 0 0 0 0 0 0 0 0 0 0 0 0 0 511 511 0.00 0.00 0.00 0.00 1.00 0.00 0.00 255 255 1.00 0.00 1.00 0.00 0.00 0.00 0.00 0.00 0.9
0
0 0 1 0 1 0 0 0 0 0 0 1 0 0 0 0 0 0 1032 0 0 0 0 0 0 0 0 0 0 0 0 0 0 0 0 0 511 511 0.00 0.00 0.00 0.00 1.00 0.00 0.00 255 255 1.00 0.00 1.00 0.00 0.00 0.00 0.00 0.00 0.9
0
0 0 1 0 1 0 0 0 0 0 0 1 0 0 0 0 0 0 1032 0 0 0 0 0 0 0 0 0 0 0 0 0 0 0 0 0 511 511 0.00 0.00 0.00 0.00 1.00 0.00 0.00 255 255 1.00 0.00 1.00 0.00 0.00 0.00 0.00 0.00 0.9
0
0 0 1 0 1 0 0 0 0 0 0 1 0 0 0 0 0 0 1032 0 0 0 0 0 0 0 0 0 0 0 0 0 0 0 0 0 511 511 0.00 0.00 0.00 0.00 1.00 0.00 0.00 255 255 1.00 0.00 1.00 0.00 0.00 0.00 0.00 0.00 0.9
0
0 0 1 0 1 0 0 0 0 0 0 1 0 0 0 0 0 0 1032 0 0 0 0 0 0 0 0 0 0 0 0 0 0 0 0 0 511 511 0.00 0.00 0.00 0.00 1.00 0.00 0.00 255 255 1.00 0.00 1.00 0.00 0.00 0.00 0.00 0.00 0.9
0
0 0 1 0 1 0 0 0 0 0 0 1 0 0 0 0 0 0 1032 0 0 0 0 0 0 0 0 0 0 0 0 0 0 0 0 0 511 511 0.00 0.00 0.00 0.00 1.00 0.00 0.00 255 255 1.00 0.00 1.00 0.00 0.00 0.00 0.00 0.00 0.9
0
0 0 1 0 1 0 0 0 0 0 0 1 0 0 0 0 0 0 1032 0 0 0 0 0 0 0 0 0 0 0 0 0 0 0 0 0 511 511 0.00 0.00 0.00 0.00 1.00 0.00 0.00 255 255 1.00 0.00 1.00 0.00 0.00 0.00 0.00 0.00 0.9
0
0 0 1 0 1 0 0 0 0 0 0 1 0 0 0 0 0 0 1032 0 0 0 0 0 0 0 0 0 0 0 0 0 0 0 0 0 511 511 0.00 0.00 0.00 0.00 1.00 0.00 0.00 255 255 1.00 0.00 1.00 0.00 0.00 0.00 0.00 0.00 0.9
0
0 0 1 0 1 0 0 0 0 0 0 1 0 0 0 0 0 0 1032 0 0 0 0 0 0 0 0 0 0 0 0 0 0 0 0 0 511 511 0.00 0.00 0.00 0.00 1.00 0.00 0.00 255 255 1.00 0.00 1.00 0.00 0.00 0.00 0.00 0.00 0.9
0
0 0 1 0 1 0 0 0 0 0 0 1 0 0 0 0 0 0 1032 0 0 0 0 0 0 0 0 0 0 0 0 0 0 0 0 0 511 511 0.00 0.00 0.00 0.00 1.00 0.00 0.00 255 255 1.00 0.00 1.00 0.00 0.00 0.00 0.00 0.00 0.9
0
0 0 1 0 1 0 0 0 0 0 0 1 0 0 0 0 0 0 1032 0 0 0 0 0 0 0 0 0 0 0 0 0 0 0 0 0 511 511 0.00 0.00 0.00 0.00 1.00 0.00 0.00 255 255 1.00 0.00 1.00 0.00 0.00 0.00 0.00 0.00 0.9
0
0 0 1 0 1 0 0 0 0 0 0 1 0 0 0 0 0 0 1032 0 0 0 0 0 0 0 0 0 0 0 0 0 0 0 0 0 511 511 0.00 0.00 0.00 0.00 1.00 0.00 0.00 255 255 1.00 0.00 1.00 0.00 0.00 0.00 0.00 0.00 0.9
0
0 0 1 0 1 0 0 0 0 0 0 1 0 0 0 0 0 0 1032 0 0 0 0 0 0 0 0 0 0 0 0 0 0 0 0 0 511 511 0.00 0.00 0.00 0.00 1.00 0.00 0.00 255 255 1.00 0.00 1.00 0.00 0.00 0.00 0.00 0.00 0.9
0
0 0 1 0 1 0 0 0 0 0 0 1 0 0 0 0 0 0 1032 0 0 0 0 0 0 0 0 0 0 0 0 0 0 0 0 0 511 511 0.00 0.00 0.00 0.00 1.00 0.00 0.00 255 255 1.00 0.00 1.00 0.00 0.00 0.00 0.00 0.00 0.9
0
0 0 1 0 1 0 0 0 0 0 0 1 0 0 0 0 0 0 1032 0 0 0 0 0 0 0 0 0 0 0 0 0 0 0 0 0 511 511 0.00 0.00 0.00 0.00 1.00 0.00 0.00 255 255 1.00 0.00 1.00 0.00 0.00 0.00 0.00 0.00 0.9
0
0 0 1 0 1 0 0 0 0 0 0 1 0 0 0 0 0 0 1032 0 0 0 0 0 0 0 0 0 0 0 0 0 0 0 0 0 511 511 0.00 0.00 0.00 0.00 1.00 0.00 0.00 255 255 1.00 0.00 1.00 0.00 0.00 0.00 0.00 0.00 0.9
0
0 0 1 0 1 0 0 0 0 0 0 1 0 0 0 0 0 0 1032 0 0 0 0 0 0 0 0 0 0 0 0 0 0 0 0 0 511 511 0.00 0.00 0.00 0.00 1.00 0.00 0.00 255 255 1.00 0.00 1.00 0.00 0.00 0.00 0.00 0.00 0.9
0
0 0 1 0 1 0 0 0 0 0 0 1 0 0 0 0 0 0 1032 0 0 0 0 0 0 0 0 0 0 0 0 0 0 0 0 0 511 511 0.00 0.00 0.00 0.00 1.00 0.00 0.00 255 255 1.00 0.00 1.00 0.00 0.00 0.00 0.00 0.00 0.9
0
0 0 1 0 1 0 0 0 0 0 0 1 0 0 0 0 0 0 1032 0 0 0 0 0 0 0 0 0 0 0 0 0 0 0 0 0 511 511 0.00 0.00 0.00 0.00 1.00 0.00 0.00 255 255 1.00 0.00 1.00 0.00 0.00 0.00 0.00 0.00 0.9
0
0 0 1 0 1 0 0 0 0 0 0 1 0 0 0 0 0 0 1032 0 0 0 0 0 0 0 0 0 0 0 0 0 0 0 0 0 511 511 0.00 0.00 0.00 0.00 1.00 0.00 0.00 255 255 1.00 0.00 1.00 0.00 0.00 0.00 0.00 0.00 0.9
0
0 0 1 0 1 0 0 0 0 0 0 1 0 0 0 0 0 0 1032 0 0 0 0 0 0 0 0 0 0 0 0 0 0 0 0 0 511 511 0.00 0.00 0.00 0.00 1.00 0.00 0.00 255 255 1.00 0.00 1.00 0.00 0.00 0.00 0.00 0.00 0.9
0
0 0 1 0 1 0 0 0 0 0 0 1 0 0 0 0 0 0 1032 0 0 0 0 0 0 0 0 0 0 0 0 0 0 0 0 0 511 511 0.00 0.00 0.00 0.00 1.00 0.00 0.00 255 255 1.00 0.00 1.00 0.00 0.00 0.00 0.00 0.00 0.9
0
0 0 1 0 1 0 0 0 0 0 0 1 0 0 0 0 0 0 1032 0 0 0 0 0 0 0 0 0 0 0 0 0 0 0 0 0 511 511 0.00 0.00 0.00 0.00 1.00 0.00 0.00 255 255 1.00 0.00 1.00 0.00 0.00 0.00 0.00 0.00 0.9
0
0 0 1 0 1 0 0 0 0 0 0 1 0 0 0 0 0 0 1032 0 0 0 0 0 0 0 0 0 0 0 0 0 0 0 0 0 511 511 0.00 0.00 0.00 0.00 1.00 0.00 0.00 255 255 1.00 0.00 1.00 0.00 0.00 0.00 0.00 0.00 0.9
0
0 0 1 0 1 0 0 0 0 0 0 1 0 0 0 0 0 0 1032 0 0 0 0 0 0 0 0 0 0 0 0 0 0 0 0 0 511 511 0.00 0.00 0.00 0.00 1.00 0.00 0.00 255 255 1.00 0.00 1.00 0.00 0.00 0.00 0.00 0.00 0.9
0
0 0 1 0 1 0 0 0 0 0 0 1 0 0 0 0 0 0 1032 0 0 0 0 0 0 0 0 0 0 0 0 0 0 0 0 0 511 511 0.00 0.00 0.00 0.00 1.00 0.00 0.00 255 255 1.00 0.00 1.00 0.00 0.00 0.00 0.00 0.00 0.9
0
0 0 1 0 1 0 0 0 0 0 0 1 0 0 0 0 0 0 1032 0 0 0 0 0 0 0 0 0 0 0 0 0 0 0 0 0 511 511 0.00 0.00 0.00 0.00 1.00 0.00 0.00 255 255 1.00 0.00 1.00 0.00 0.00 0.00 0.00 0.00 0.9
0
0 0 1 0 1 0 0 0 0 0 0 1 0 0 0 0 0 0 1032 0 0 0 0 0 0 0 0 0 0 0 0 0 0 0 0 0 511 511 0.00 0.00 0.00 0.00 1.00 0.00 0.00 255 255 1.00 0.00 1.00 0.00 0.00 0.00 0.00 0.00 0.9
0
0 0 1 0 1 0 0 0 0 0 0 1 0 0 0 0 0 0 1032 0 0 0 0 0 0 0 0 0 0 0 0 0 0 0 0 0 511 511 0.00 0.00 0.00 0.00 1.00 0.00 0.00 255 255 1.00 0.00 1.00 0.00 0.00 0.00 0.00 0.00 0.9
0
0 0 1 0 1 0 0 0 0 0 0 1 0 0 0 0 0 0 1032 0 0 0 0 0 0 0 0 0 0 0 0 0 0 0 0 0 511 511 0.00 0.00 0.00 0.00 1.00 0.00 0.00 255 255 1.00 0.00 1.00 0.00 0.00 0.00 0.00 0.00 0.9
0
0 0 1 0 1 0 0 0 0 0 0 1 0 0 0 0 0 0 1032 0 0 0 0 0 0 0 0 0 0 0 0 0 0 0 0 0 511 511 0.00 0.00 0.00 0.00 1.00 0.00 0.00 255 255 1.00 0.00 1.00 0.00 0.00 0.00 0.00 0.00 0.9
0
0 0 1 0 1 0 0 0 0 0 0 1 0 0 0 0 0 0 1032 0 0 0 0 0 0 0 0 0 0 0 0 0 0 0 0 0 511 511 0.00 0.00 0.00 0.00 1.00 0.00 0.00 255 255 1.00 0.00 1.00 0.00 0.00 0.00 0.00 0.00 0.9
0
0 0 1 0 1 0 0 0 0 0 0 1 0 0 0 0 0 0 1032 0 0 0 0 0 0 0 0 0 0 0 0 0 0 0 0 0 511 511 0.00 0.00 0.00 0.00 1.00 0.00 0.00 255 255 1.00 0.00 1.00 0.00 0.00 0.00 0.00 0.00 0.9
0
0 0 1 0 1 0 0 0 0 0 0 1 0 0 0 0 0 0 1032 0 0 0 0 0 0 0 0 0 0 0 0 0 0 0 0 0 511 511 0.00 0.00 0.00 0.00 1.00 0.00 0.00 255 255 1.00 0.00 1.00 0.00 0.00 0.00 0.00 0.00 0.9
0
0 0 1 0 1 0 0 0 0 0 0 1 0 0 0 0 0 0 1032 0 0 0 0 0 0 0 0 0 0 0 0 0 0 0 0 0 511 511 0.00 0.00 0.00 0.00 1.00 0.00 0.00 255 255 1.00 0.00 1.00 0.00 0.00 0.00 0.00 0.00 0.9
0
0 0 1 0 1 0 0 0 0 0 0 1 0 0 0 0 0 0 1032 0 0 0 0 0 0 0 0 0 0 0 0 0 0 0 0 0 511 511 0.00 0.00 0.00 0.00 1.00 0.00 0.00 255 255 1.00 0.00 1.00 0.00 0.00 0.00 0.00 0.00 0.9
0
0 0 1 0 1 0 0 0 0 0 0 1 0 0 0 0 0 0 1032 0 0 0 0 0 0 0 0 0 0 0 0 0 0 0 0 0 511 511 0.00 0.00 0.00 0.00 1.00 0.00 0.00 255 255 1.00 0.00 1.00 0.00 0.00 0.00 0.00 0.00 0.9
0
0 0 1 0 1 0 0 0 0 0 0 1 0 0 0 0 0 0 1032 0 0 0 0 0 0 0 0 0 0 0 0 0 0 0 0 0 511 511 0.00 0.00 0.00 0.00 1.00 0.00 0.00 255 255 1.00 0.00 1.00 0.00 0.00 0.00 0.00 0.00 0.9
0
0 0 1 0 1 0 0 0 0 0 0 1 0 0 0 0 0 0 1032 0 0 0 0 0 0 0 0 0 0 0 0 0 0 0 0 0 511 511 0.00 0.00 0.00 0.00 1.00 0.00 0.00 255 255 1.00 0.00 1.00 0.00 0.00 0.00 0.00 0.00 0.9
0
0 0 1 0 1 0 0 0 0 0 0 1 0 0 0 0 0 0 1032 0 0 0 0 0 0 0 0 0 0 0 0 0 0 0 0 0 511 511 0.00 0.00 0.00 0.00 1.00 0.00 0.00 255 255 1.00 0.00 1.00 0.00 0.00 0.00 0.00 0.00 0.9
0
0 1 0 0 0 1 0 0 0 0 0 0 1 0 0 0 0 0 126 179 0 0 0 1 1 0 0 0 0 0 0 0 0 0 0 0 2 2 0.50 0.50 0.50 0.50 1.00 0.00 0.00 23 23 1.00 0.00 0.04 0.00 0.09 0.09 0.91 0.91 0.9
0
0 1 0 0 0 1 0 0 0 0 0 0 0 1 0 0 0 0 126 179 0 0 0 1 1 0 0 0 0 0 0 0 0 0 0 0 1 1 0.00 0.00 1.00 1.00 1.00 0.00 0.00 24 24 1.00 0.00 0.04 0.00 0.08 0.08 0.92 0.92 0.9
0
0 1 0 0 0 1 0 0 0 0 0 0 0 1 0 0 0 0 126 179 0 0 0 1 1 0 0 0 0 0 0 0 0 0 0 0 1 1 0.00 0.00 1.00 1.00 1.00 0.00 0.00 25 25 1.00 0.00 0.04 0.00 0.08 0.08 0.92 0.92 0.9
0
0 1 0 0 0 1 0 0 0 0 0 0 0 1 0 0 0 0 126 179 0 0 0 1 1 0 0 0 0 0 0 0 0 0 0 0 1 1 0.00 0.00 1.00 1.00 1.00 0.00 0.00 26 26 1.00 0.00 0.04 0.00 0.08 0.08 0.92 0.92 0.9
0
0 1 0 0 0 1 0 0 0 0 0 0 0 1 0 0 0 0 126 179 0 0 0 1 1 0 0 0 0 0 0 0 0 0 0 0 1 1 0.00 0.00 1.00 1.00 1.00 0.00 0.00 27 27 1.00 0.00 0.04 0.00 0.07 0.07 0.93 0.93 0.9
0
0 1 0 0 0 1 0 0 0 0 0 0 0 1 0 0 0 0 126 179 0 0 0 1 1 0 0 0 0 0 0 0 0 0 0 0 1 1 0.00 0.00 1.00 1.00 1.00 0.00 0.00 28 28 1.00 0.00 0.04 0.00 0.07 0.07 0.93 0.93 0.9
0
0 1 0 0 0 1 0 0 0 0 0 0 0 1 0 0 0 0 126 179 0 0 0 1 1 0 0 0 0 0 0 0 0 0 0 0 2 2 0.00 0.00 1.00 1.00 1.00 0.00 0.00 29 29 1.00 0.00 0.03 0.00 0.07 0.07 0.93 0.93 0.9
0
0 1 0 0 0 1 0 0 0 0 0 0 0 1 0 0 0 0 126 179 0 0 0 1 1 0 0 0 0 0 0 0 0 0 0 0 1 1 0.00 0.00 1.00 1.00 1.00 0.00 0.00 30 30 1.00 0.00 0.03 0.00 0.07 0.07 0.93 0.93 0.9
0
0 1 0 0 0 1 0 0 0 0 0 0 0 1 0 0 0 0 126 179 0 0 0 1 1 0 0 0 0 0 0 0 0 0 0 0 1 1 0.00 0.00 1.00 1.00 1.00 0.00 0.00 31 31 1.00 0.00 0.03 0.00 0.06 0.06 0.94 0.94 0.9
0
0 1 0 0 0 1 0 0 0 0 0 0 0 1 0 0 0 0 126 179 0 0 0 1 1 0 0 0 0 0 0 0 0 0 0 0 1 1 0.00 0.00 1.00 1.00 1.00 0.00 0.00 32 32 1.00 0.00 0.03 0.00 0.06 0.06 0.94 0.94 0.9
0
0 1 0 0 0 1 0 0 0 0 0 0 0 1 0 0 0 0 126 179 0 0 0 1 1 0 0 0 0 0 0 0 0 0 0 0 1 1 0.00 0.00 1.00 1.00 1.00 0.00 0.00 33 33 1.00 0.00 0.03 0.00 0.06 0.06 0.94 0.94 0.9
0
0 1 0 0 0 1 0 0 0 0 0 0 0 1 0 0 0 0 126 179 0 0 0 1 1 0 0 0 0 0 0 0 0 0 0 0 1 1 0.00 0.00 1.00 1.00 1.00 0.00 0.00 34 34 1.00 0.00 0.03 0.00 0.06 0.06 0.94 0.94 0.9
0
0 1 0 0 0 1 0 0 0 0 0 0 0 1 0 0 0 0 126 179 0 0 0 1 1 0 0 0 0 0 0 0 0 0 0 0 2 2 0.00 0.00 1.00 1.00 1.00 0.00 0.00 35 35 1.00 0.00 0.03 0.00 0.06 0.06 0.94 0.94 0.9
0
0 1 0 0 0 1 0 0 0 0 0 0 0 0 1 0 0 0 126 179 0 0 0 2 1 0 0 0 0 0 0 0 0 0 0 0 1 1 0.00 0.00 1.00 1.00 1.00 0.00 0.00 36 36 1.00 0.00 0.03 0.00 0.06 0.06 0.94 0.94 0.9
0
0 1 0 0 0 1 0 0 0 0 0 0 0 0 1 0 0 0 126 179 0 0 0 2 1 0 0 0 0 0 0 0 0 0 0 0 2 2 0.00 0.00 1.00 1.00 1.00 0.00 0.00 37 37 1.00 0.00 0.05 0.00 0.05 0.05 0.95 0.95 0.9
0
0 1 0 0 0 1 0 0 0 0 0 0 0 1 0 0 0 0 126 179 0 0 0 1 1 0 0 0 0 0 0 0 0 0 0 0 3 3 0.00 0.00 1.00 1.00 1.00 0.00 0.00 38 38 1.00 0.00 0.03 0.00 0.05 0.05 0.95 0.95 0.9
0
0 1 0 0 0 1 0 0 0 0 0 0 0 1 0 0 0 0 126 179 0 0 0 1 1 0 0 0 0 0 0 0 0 0 0 0 1 1 0.00 0.00 1.00 1.00 1.00 0.00 0.00 39 39 1.00 0.00 0.03 0.00 0.05 0.05 0.95 0.95 0.9
0
0 1 0 0 0 1 0 0 0 0 0 0 0 0 1 0 0 0 126 179 0 0 0 2 1 0 0 0 0 0 0 0 0 0 0 0 1 1 0.00 0.00 1.00 1.00 1.00 0.00 0.00 40 40 1.00 0.00 0.03 0.00 0.05 0.05 0.95 0.95 0.9
0
0 1 0 0 0 1 0 0 0 0 0 0 0 0 1 0 0 0 126 179 0 0 0 2 1 0 0 0 0 0 0 0 0 0 0 0 2 2 0.00 0.00 1.00 1.00 1.00 0.00 0.00 41 41 1.00 0.00 0.05 0.00 0.05 0.05 0.95 0.95 0.9
0
0 1 0 0 0 1 0 0 0 0 0 0 0 1 0 0 0 0 126 179 0 0 0 1 1 0 0 0 0 0 0 0 0 0 0 0 1 1 0.00 0.00 1.00 1.00 1.00 0.00 0.00 42 42 1.00 0.00 0.02 0.00 0.05 0.05 0.95 0.95 0.9
0
0 1 0 0 0 1 0 0 0 0 0 0 0 1 0 0 0 0 126 179 0 0 0 1 1 0 0 0 0 0 0 0 0 0 0 0 2 2 0.00 0.00 1.00 1.00 1.00 0.00 0.00 43 43 1.00 0.00 0.02 0.00 0.05 0.05 0.95 0.95 0.9
0
0 1 0 0 0 1 0 0 0 0 0 0 0 1 0 0 0 0 126 179 0 0 0 1 1 0 0 0 0 0 0 0 0 0 0 0 1 1 0.00 0.00 1.00 1.00 1.00 0.00 0.00 44 44 1.00 0.00 0.02 0.00 0.05 0.05 0.95 0.95 0.9
0
0 1 0 0 0 1 0 0 0 0 0 0 0 1 0 0 0 0 126 179 0 0 0 1 1 0 0 0 0 0 0 0 0 0 0 0 1 1 0.00 0.00 1.00 1.00 1.00 0.00 0.00 45 45 1.00 0.00 0.02 0.00 0.04 0.04 0.96 0.96 0.9
0
0 1 0 0 0 1 0 0 0 0 0 0 0 1 0 0 0 0 126 179 0 0 0 1 1 0 0 0 0 0 0 0 0 0 0 0 1 1 0.00 0.00 1.00 1.00 1.00 0.00 0.00 46 46 1.00 0.00 0.02 0.00 0.04 0.04 0.96 0.96 0.9
0
0 1 0 0 0 1 0 0 0 0 0 0 0 1 0 0 0 0 126 179 0 0 0 1 1 0 0 0 0 0 0 0 0 0 0 0 2 2 0.00 0.00 1.00 1.00 1.00 0.00 0.00 47 47 1.00 0.00 0.02 0.00 0.04 0.04 0.96 0.96 0.9
0
0 1 0 0 0 1 0 0 0 0 0 0 0 1 0 0 0 0 126 179 0 0 0 1 1 0 0 0 0 0 0 0 0 0 0 0 1 1 0.00 0.00 1.00 1.00 1.00 0.00 0.00 48 48 1.00 0.00 0.02 0.00 0.04 0.04 0.96 0.96 0.9
0
0 1 0 0 0 1 0 0 0 0 0 0 0 1 0 0 0 0 126 179 0 0 0 1 1 0 0 0 0 0 0 0 0 0 0 0 1 1 0.00 0.00 1.00 1.00 1.00 0.00 0.00 49 49 1.00 0.00 0.02 0.00 0.04 0.04 0.96 0.96 0.9
0
0 1 0 0 0 1 0 0 0 0 0 0 0 1 0 0 0 0 126 179 0 0 0 1 1 0 0 0 0 0 0 0 0 0 0 0 1 1 0.00 0.00 1.00 1.00 1.00 0.00 0.00 50 50 1.00 0.00 0.02 0.00 0.04 0.04 0.96 0.96 0.9
0
0 1 0 0 0 1 0 0 0 0 0 0 0 1 0 0 0 0 126 179 0 0 0 1 1 0 0 0 0 0 0 0 0 0 0 0 1 1 0.00 0.00 1.00 1.00 1.00 0.00 0.00 51 51 1.00 0.00 0.02 0.00 0.04 0.04 0.96 0.96 0.9
0
1 1 0 0 0 1 0 0 0 0 0 1 0 0 0 0 0 0 123 2053 0 0 0 1 0 1 0 0 0 0 0 0 0 0 0 1 1 1 0.00 0.00 0.00 0.00 1.00 0.00 0.00 52 52 1.00 0.00 0.02 0.00 0.04 0.04 0.94 0.94 0.9
0
0 1 0 0 0 0 1 0 0 0 0 1 0 0 0 0 0 0 383 0 0 0 0 0 0 1 0 0 0 0 0 0 0 0 0 0 2 2 0.00 0.00 0.00 0.00 1.00 0.00 0.00 58 72 0.05 0.05 0.05 0.04 0.03 0.00 0.84 0.00 0.1
1
5 1 0 0 0 0 0 1 0 0 0 1 0 0 0 0 0 0 2654 473 0 0 0 0 0 1 0 0 0 0 0 0 0 0 0 0 1 1 0.00 0.00 0.00 0.00 1.00 0.00 0.00 68 122 0.15 0.04 0.01 0.02 0.03 0.00 0.72 0.00 0.1
1
0 1 0 0 0 0 1 0 0 0 0 1 0 0 0 0 0 0 7077 0 0 0 0 0 0 1 0 0 0 0 0 0 0 0 0 0 1 1 0.00 0.00 0.00 0.00 1.00 0.00 0.00 78 77 0.17 0.04 0.17 0.04 0.03 0.00 0.63 0.00 0.1
1
0 1 0 0 0 0 1 0 0 0 0 1 0 0 0 0 0 0 4763 0 0 0 0 0 0 1 0 0 0 0 0 0 0 0 0 0 11 11 0.00 0.00 0.00 0.00 1.00 0.00 0.00 88 77 0.26 0.03 0.26 0.04 0.02 0.00 0.56 0.00 0.1
1
0 1 0 0 0 0 1 0 0 0 0 1 0 0 0 0 0 0 641 0 0 0 0 0 0 1 0 0 0 0 0 0 0 0 0 0 1 1 0.00 0.00 0.00 0.00 1.00 0.00 0.00 98 80 0.31 0.04 0.31 0.03 0.02 0.00 0.50 0.00 0.1
1
0 1 0 0 0 0 0 1 0 0 0 1 0 0 0 0 0 0 2098 524 0 0 0 0 0 1 0 0 0 0 0 0 0 0 0 0 1 3 0.00 0.00 0.00 0.00 1.00 0.00 1.00 108 108 0.15 0.04 0.01 0.02 0.02 0.00 0.45 0.00 0.1
1
0 1 0 0 0 0 0 1 0 0 0 1 0 0 0 0 0 0 1315 473 0 0 0 0 0 1 0 0 0 0 0 0 0 0 0 0 1 4 0.00 0.00 0.00 0.00 1.00 0.00 1.00 118 105 0.19 0.03 0.01 0.02 0.02 0.00 0.42 0.00 0.1
1
0 1 0 0 0 0 0 1 0 0 0 1 0 0 0 0 0 0 2289 863 0 0 0 0 0 1 0 0 0 0 0 0 0 0 0 0 1 4 0.00 0.00 0.00 0.00 1.00 0.00 1.00 128 108 0.26 0.03 0.01 0.02 0.02 0.00 0.38 0.00 0.1
1
0 1 0 0 0 0 0 1 0 0 0 1 0 0 0 0 0 0 3798 566 0 0 0 0 0 1 0 0 0 0 0 0 0 0 0 0 1 1 0.00 0.00 0.00 0.00 1.00 0.00 0.00 138 108 0.27 0.03 0.01 0.02 0.01 0.00 0.36 0.00 0.1
1
0 1 0 0 0 0 0 1 0 0 0 1 0 0 0 0 0 0 882 477 0 0 0 0 0 1 0 0 0 0 0 0 0 0 0 0 1 1 0.00 0.00 0.00 0.00 1.00 0.00 0.00 148 115 0.32 0.03 0.01 0.02 0.01 0.00 0.33 0.00 0.1
1
0 1 0 0 0 0 0 1 0 0 0 1 0 0 0 0 0 0 1218 481 0 0 0 0 0 1 0 0 0 0 0 0 0 0 0 0 1 1 0.00 0.00 0.00 0.00 1.00 0.00 0.00 158 121 0.35 0.03 0.01 0.02 0.01 0.00 0.31 0.00 0.1
1
0 1 0 0 0 0 0 1 0 0 0 1 0 0 0 0 0 0 894 477 0 0 0 0 0 1 0 0 0 0 0 0 0 0 0 0 1 3 0.00 0.00 0.00 0.00 1.00 0.00 1.00 168 129 0.39 0.02 0.01 0.02 0.01 0.00 0.29 0.00 0.1
1
1 1 0 0 0 0 0 0 1 0 0 0 0 0 1 0 0 0 0 0 0 0 0 0 0 0 0 0 0 0 0 0 0 0 0 0 8 2 0.00 0.00 1.00 1.00 0.25 0.50 0.00 178 2 0.01 0.04 0.04 0.00 0.01 0.00 0.32 1.00 0.9
0
1 1 0 0 0 0 0 0 1 0 0 0 0 0 1 0 0 0 0 0 0 0 0 0 0 0 0 0 0 0 0 0 0 0 0 0 18 2 0.00 0.00 1.00 1.00 0.11 0.50 0.00 188 2 0.01 0.06 0.10 0.00 0.01 0.00 0.36 1.00 0.9
0
0 1 0 0 0 0 0 0 1 0 0 0 0 0 0 1 0 0 0 0 0 0 0 0 0 0 0 0 0 0 0 0 0 0 0 0 28 1 0.00 0.00 1.00 1.00 0.04 0.54 0.00 198 1 0.01 0.09 0.14 0.00 0.01 0.00 0.39 1.00 0.9
0
0 1 0 0 0 0 0 0 1 0 0 0 0 0 0 1 0 0 0 0 0 0 0 0 0 0 0 0 0 0 0 0 0 0 0 0 38 1 0.00 0.00 1.00 1.00 0.03 0.55 0.00 208 1 0.00 0.11 0.18 0.00 0.01 0.00 0.42 1.00 0.9
0
1 1 0 0 0 0 0 0 1 0 0 0 0 0 1 0 0 0 0 0 0 0 0 0 0 0 0 0 0 0 0 0 0 0 0 0 48 2 0.00 0.00 1.00 1.00 0.04 0.54 0.00 218 2 0.01 0.12 0.22 0.00 0.01 0.00 0.44 1.00 0.9
0
1 1 0 0 0 0 0 0 1 0 0 0 0 0 1 0 0 0 0 0 0 0 0 0 0 0 0 0 0 0 0 0 0 0 0 0 58 2 0.00 0.00 1.00 1.00 0.03 0.53 0.00 228 2 0.01 0.14 0.25 0.00 0.01 0.00 0.47 1.00 0.9
0
0 1 0 0 0 0 0 0 1 0 0 0 0 0 0 1 0 0 0 0 0 0 0 0 0 0 0 0 0 0 0 0 0 0 0 0 68 1 0.00 0.00 1.00 1.00 0.01 0.54 0.00 238 1 0.00 0.16 0.29 0.00 0.01 0.00 0.49 1.00 0.9
0
1 1 0 0 0 0 0 0 1 0 0 0 0 0 1 0 0 0 0 0 0 0 0 0 0 0 0 0 0 0 0 0 0 0 0 0 78 2 0.00 0.00 1.00 1.00 0.03 0.54 0.00 248 2 0.01 0.17 0.31 0.00 0.01 0.00 0.51 1.00 0.9
0
1 1 0 0 0 0 0 0 1 0 0 0 0 0 1 0 0 0 0 0 0 0 0 0 0 0 0 0 0 0 0 0 0 0 0 0 88 2 0.00 0.00 1.00 1.00 0.02 0.53 0.00 255 2 0.01 0.19 0.35 0.00 0.00 0.00 0.53 1.00 0.9
0
1 1 0 0 0 0 0 0 1 0 0 0 0 0 1 0 0 0 0 0 0 0 0 0 0 0 0 0 0 0 0 0 0 0 0 0 98 2 0.00 0.00 1.00 1.00 0.02 0.55 0.00 255 2 0.01 0.22 0.38 0.00 0.00 0.00 0.53 1.00 0.9
0
0 1 0 0 0 0 0 0 1 0 0 0 0 0 0 1 0 0 0 0 0 0 0 0 0 0 0 0 0 0 0 0 0 0 0 0 108 1 0.00 0.00 1.00 1.00 0.01 0.56 0.00 255 1 0.00 0.24 0.42 0.00 0.00 0.00 0.53 1.00 0.9
0
1 1 0 0 0 0 0 0 1 0 0 0 0 0 1 0 0 0 0 0 0 0 0 0 0 0 0 0 0 0 0 0 0 0 0 0 118 2 0.00 0.00 1.00 1.00 0.02 0.56 0.00 255 2 0.01 0.26 0.46 0.00 0.00 0.00 0.53 1.00 0.9
0
1 1 0 0 0 0 0 0 0 1 0 0 0 0 1 0 0 0 0 0 0 0 0 0 0 0 0 0 0 0 0 0 0 0 0 0 128 2 0.00 0.00 1.00 1.00 0.02 0.56 0.00 255 2 0.01 0.28 0.50 0.00 0.00 0.00 0.53 1.00 0.9
0
1 1 0 0 0 0 0 0 1 0 0 0 0 0 0 0 1 0 0 0 0 0 0 0 0 0 0 0 0 0 0 0 0 0 0 0 138 2 0.04 0.50 0.96 0.50 0.01 0.57 0.00 255 2 0.01 0.31 0.54 0.00 0.02 0.50 0.52 0.50 0.9
0
0 1 0 0 0 0 0 0 1 0 0 0 0 0 0 0 0 1 0 0 0 0 0 0 0 0 0 0 0 0 0 0 0 0 0 0 148 2 0.08 1.00 0.92 0.00 0.01 0.58 0.00 255 2 0.01 0.34 0.58 0.00 0.05 1.00 0.53 0.00 0.9
0
0 1 0 0 0 0 0 0 1 0 0 0 0 0 0 0 0 1 0 0 0 0 0 0 0 0 0 0 0 0 0 0 0 0 0 0 158 2 0.12 1.00 0.88 0.00 0.01 0.58 0.00 255 2 0.01 0.36 0.62 0.00 0.07 1.00 0.55 0.00 0.9
0
0 1 0 0 0 0 0 0 1 0 0 0 0 0 0 1 0 0 0 0 0 0 0 0 0 0 0 0 0 0 0 0 0 0 0 0 168 1 0.12 0.00 0.88 1.00 0.01 0.58 0.00 255 1 0.00 0.38 0.66 0.00 0.08 0.00 0.58 1.00 0.9
0
0 1 0 1 0 0 0 0 0 0 0 1 0 0 0 0 0 0 282 2047 0 0 0 0 0 1 0 0 0 0 0 0 0 0 0 0 1 1 0.00 0.00 0.00 0.00 1.00 0.00 0.00 7 10 1.00 0.00 0.14 0.20 0.00 0.20 0.00 0.10 0.1
1
0 1 0 1 0 0 0 0 0 0 0 1 0 0 0 0 0 0 206 10647 0 0 0 0 0 1 0 0 0 0 0 0 0 0 0 0 2 2 0.00 0.00 0.00 0.00 1.00 0.00 0.00 17 20 1.00 0.00 0.06 0.10 0.00 0.10 0.00 0.05 0.1
1
0 1 0 1 0 0 0 0 0 0 0 1 0 0 0 0 0 0 224 553 0 0 0 0 0 1 0 0 0 0 0 0 0 0 0 0 3 21 0.00 0.00 0.00 0.00 1.00 0.00 0.10 27 30 1.00 0.00 0.04 0.07 0.00 0.07 0.00 0.03 0.1
1
0 1 0 1 0 0 0 0 0 0 0 1 0 0 0 0 0 0 282 2047 0 0 0 0 0 1 0 0 0 0 0 0 0 0 0 0 1 1 0.00 0.00 0.00 0.00 1.00 0.00 0.00 37 40 1.00 0.00 0.03 0.05 0.00 0.05 0.00 0.03 0.1
1
0 1 0 1 0 0 0 0 0 0 0 1 0 0 0 0 0 0 185 6797 0 0 0 0 0 1 0 0 0 0 0 0 0 0 0 0 1 9 0.00 0.00 0.00 0.00 1.00 0.00 0.33 2 50 1.00 0.00 0.50 0.06 0.00 0.04 0.00 0.02 0.1
1
0 1 0 1 0 0 0 0 0 0 0 1 0 0 0 0 0 0 201 260 0 0 0 0 0 1 0 0 0 0 0 0 0 0 0 0 10 28 0.00 0.00 0.00 0.00 1.00 0.00 0.11 10 60 1.00 0.00 0.10 0.07 0.00 0.03 0.00 0.02 0.1
1
0 1 0 1 0 0 0 0 0 0 0 1 0 0 0 0 0 0 203 933 0 0 0 0 0 1 0 0 0 0 0 0 0 0 0 0 20 38 0.00 0.00 0.00 0.00 1.00 0.00 0.08 20 70 1.00 0.00 0.05 0.06 0.00 0.03 0.00 0.01 0.1
1
0 1 0 1 0 0 0 0 0 0 0 1 0 0 0 0 0 0 189 9988 0 0 0 0 0 1 0 0 0 0 0 0 0 0 0 0 6 6 0.00 0.00 0.00 0.00 1.00 0.00 0.00 6 80 1.00 0.00 0.17 0.06 0.00 0.03 0.00 0.01 0.1
1
2 7 8 1 0 1 0 0 0 0 0 0 0 1 0 0 0 0 0 0 304 500 0 0 0 0 0 1 0 0 0 0 0 0 0 0 0 0 8 8 0.00 0.00 0.00 0.00 1.00 0.00 0.00 16 90 1.00 0.00 0.06 0.06 0.00 0.02 0.00 0.01 0.1
1
0 0 1 0 0 0 0 0 0 0 1 1 0 0 0 0 0 0 30 0 0 0 0 0 0 0 0 0 0 0 0 0 0 0 0 0 1 1 0.00 0.00 0.00 0.00 1.00 0.00 0.00 6 6 1.00 0.00 1.00 0.00 0.00 0.00 0.00 0.00 0.1
1
0 0 1 0 0 0 0 0 0 0 1 1 0 0 0 0 0 0 30 0 0 0 0 0 0 0 0 0 0 0 0 0 0 0 0 0 1 1 0.00 0.00 0.00 0.00 1.00 0.00 0.00 16 16 1.00 0.00 1.00 0.00 0.00 0.00 0.00 0.00 0.1
1
0 0 1 0 0 0 0 0 0 0 1 1 0 0 0 0 0 0 30 0 0 0 0 0 0 0 0 0 0 0 0 0 0 0 0 0 1 1 0.00 0.00 0.00 0.00 1.00 0.00 0.00 26 26 1.00 0.00 1.00 0.00 0.00 0.00 0.00 0.00 0.1
1
0 0 1 0 0 0 0 0 0 0 1 1 0 0 0 0 0 0 30 0 0 0 0 0 0 0 0 0 0 0 0 0 0 0 0 0 1 1 0.00 0.00 0.00 0.00 1.00 0.00 0.00 36 36 1.00 0.00 1.00 0.00 0.00 0.00 0.00 0.00 0.1
1
0 0 1 0 0 0 0 0 0 0 1 1 0 0 0 0 0 0 30 0 0 0 0 0 0 0 0 0 0 0 0 0 0 0 0 0 1 1 0.00 0.00 0.00 0.00 1.00 0.00 0.00 46 46 1.00 0.00 1.00 0.00 0.00 0.00 0.00 0.00 0.1
1
0 0 1 0 0 0 0 0 0 0 1 1 0 0 0 0 0 0 30 0 0 0 0 0 0 0 0 0 0 0 0 0 0 0 0 0 1 1 0.00 0.00 0.00 0.00 1.00 0.00 0.00 56 56 1.00 0.00 1.00 0.00 0.00 0.00 0.00 0.00 0.1
1
0 0 1 0 0 0 0 0 0 0 1 1 0 0 0 0 0 0 30 0 0 0 0 0 0 0 0 0 0 0 0 0 0 0 0 0 1 1 0.00 0.00 0.00 0.00 1.00 0.00 0.00 66 66 1.00 0.00 1.00 0.00 0.00 0.00 0.00 0.00 0.1
1
0 0 1 0 0 0 0 0 0 0 1 1 0 0 0 0 0 0 30 0 0 0 0 0 0 0 0 0 0 0 0 0 0 0 0 0 1 1 0.00 0.00 0.00 0.00 1.00 0.00 0.00 76 76 1.00 0.00 1.00 0.00 0.00 0.00 0.00 0.00 0.1
1
